#nH	Eads	Eadsavg	Remarks
1	-744.94994992	0.08847109	#1@NiPbrdg
1	-745.57236003	-0.53393903	#1@hol
1	-744.81120016	0.22722085	#1@Ptop
2	-749.40493818	-0.52408910	#2@hol
2	-748.57244283	-0.10784142	#1@Nitop-1@hol
2	-748.71339453	-0.17831728	#1@NiPbrdg-1@hol
2	-748.63284222	-0.13804112	#1@Ptop-1@hol
2	-749.40471132	-0.52397567	#2@hol
2	-748.63242553	-0.13783278	#1@Ptop-1@hol
2	-748.57244283	-0.10784142	#1@hol-1@Nitop
2	-748.71340174	-0.17832088	#1@NiPbrdg-1@hol
2	-748.69098927	-0.16711465	#2@NiNibrdg
2	-747.98999186	0.18338406	#1@NiPbrdg-1@Ptop
2	-748.63290722	-0.13807362	#1@hol-1@Ptop
2	-747.80426013	0.27624993	#2@Ptop
3	-753.21167529	-0.51219211	#3@hol
3	-752.49423579	-0.27304561	#1@hol-2@NiNibrdg
3	-751.71966531	-0.01485545	#3@NiNibrdg
3	-751.91032679	-0.07840928	#2@NiNibrdg-1@NiPbrdg
3	-752.62182724	-0.31557609	#2@hol-1@NiPbrdg
4	-756.98825251	-0.49870365	#4@hol
4	-756.35189227	-0.33961359	#3@hol-1@NiPbrdg
5	-759.98006969	-0.33365856	#4@hol-1@Ptop
5	-760.12811391	-0.36326740	#4@hol-1@NiPbrdg-1
5	-760.12830025	-0.36330467	#4@hol-1@NiPbrdg-2
5	-760.12808811	-0.36326224	#4@hol-1@NiPbrdg-3
5	-760.12736434	-0.36311749	#4@hol-1@NiPbrdg-4
5	-760.12123454	-0.36189153	#3@hol-2@NiNibrdg-1
5	-760.12127138	-0.36189890	#3@hol-2@NiNibrdg-2
5	-760.12118205	-0.36188103	#3@hol-2@NiNibrdg-3
6	-763.14721168	-0.25284930	#3@hol-2@NiNibrdg-1@Ptop-1
6	-763.14704822	-0.25282206	#3@hol-2@NiNibrdg-1@Ptop-2
6	-763.24940827	-0.26988206	#3@hol-2@NiNibrdg-1@NiPbrdg-1
6	-763.26774910	-0.27293887	#3@hol-2@NiNibrdg-1@NiPbrdg-2
6	-763.25151915	-0.27023388	#3@hol-2@NiNibrdg-1@NiPbrdg-3
6	-763.26803325	-0.27298623	#3@hol-2@NiNibrdg-1@NiPbrdg-4
6	-763.21260996	-0.26374901	#3@hol-2@NiNibrdg-1@NiPbrdg-5
6	-763.09788710	-0.24462854	#4@hol-1@Ptop-1@NiPbrdg
6	-763.14225948	-0.25202393	#3@hol-3@NiNibrdg
6	-763.21993742	-0.26497026	#4@hol-2@NiPbrdg-1
6	-763.24619657	-0.26934678	#4@hol-2@NiPbrdg-2
6	-763.23721376	-0.26784965	#4@hol-2@NiPbrdg-3
6	-763.27047195	-0.27339268	#4@hol-2@NiPbrdg-4
6	-763.25564869	-0.27092214	#4@hol-2@NiPbrdg-5
6	-763.23583334	-0.26761958	#2@hol-4@NiNibrdg
6	-763.11131604	-0.24686669	#4@hol-1@Ptop-1@NiPbrdg-1
6	-762.96803725	-0.22298690	#4@hol-1@Ptop-1@NiPbrdg-2
6	-762.96809653	-0.22299678	#4@hol-1@Ptop-1@NiPbrdg-3
6	-762.94253275	-0.21873614	#4@hol-1@Ptop-1@Ptop
7	-766.33612178	-0.19823813	#2@hol-4@NiNibrdg-1@NiPbrdg
7	-766.33761280	-0.19845114	#1@hol-6@NiNibrdg
7	-766.24760309	-0.18559261	#2@hol-5@NiNibrdg
7	-766.35365287	-0.20074257	#2@hol-4@NiNibrdg-1@NiPbrdg-1
7	-766.29776399	-0.19275845	#2@hol-4@NiNibrdg-1@NiPbrdg-2
7	-766.21338663	-0.18070454	#2@hol-4@NiNibrdg-1@NiPbrdg-3
7	-766.36050815	-0.20172190	#3@hol-2@NiNibrdg-2@NiPbrdg-1
7	-766.21650728	-0.18115035	#3@hol-2@NiNibrdg-2@NiPbrdg-2
7	-766.20439914	-0.17942061	#4@hol-3@NiPbrdg-1
7	-766.36584930	-0.20248492	#4@hol-3@NiPbrdg-2
7	-766.37808065	-0.20423226	#4@hol-3@NiPbrdg-3
8	-769.43182994	-0.14562951	#8@NiNibrdg
8	-769.34718802	-0.13504927	#7@NiNibrdg-1@hol
8	-769.20234863	-0.11694435	#4@hol-4@NiPbrdg-1
8	-769.15218359	-0.11067372	#4@hol-4@NiPbrdg-2
8	-769.48630273	-0.15243861	#4@hol-4@NiPbrdg-3
9	-772.44417178	-0.09544878	#9@NiNibrdg
9	-772.45135416	-0.09624682	#8@NiNibrdg-1@NiPbrdg-1
9	-772.43409568	-0.09432921	#8@NiNibrdg-1@Ptop
9	-772.50758063	-0.10249420	#4@hol-5@NiPbrdg-1
9	-772.50738797	-0.10247280	#4@hol-5@NiPbrdg-2
9	-772.54906712	-0.10710381	#4@hol-5@NiPbrdg-3
9	-772.43222811	-0.09412170	#4@hol-5@NiPbrdg-4
9	-772.52075119	-0.10395760	#4@hol-5@NiPbrdg-5
9	-772.51569374	-0.10339566	#4@hol-5@NiPbrdg-6
9	-772.43241525	-0.09414249	#4@hol-5@NiPbrdg-7
9	-772.50749890	-0.10248512	#4@hol-5@NiPbrdg-8
9	-772.43251448	-0.09415352	#4@hol-5@NiPbrdg-9
9	-772.54209871	-0.10632954	#8@NiNibrdg-1@NiPbrdg-2
10	-775.46369449	-0.05602227	#9@NiNibrdg-1@NiPbrdg
10	-775.64260380	-0.07391320	#8@NiNibrdg-2@NiPbrdg-1
10	-775.47114634	-0.05676746	#9@NiNibrdg-1@Ptop
10	-775.52448425	-0.06210125	#4@hol-6@NiPbrdg-1
10	-775.61991315	-0.07164414	#8@NiNibrdg-2@NiPbrdg-2
10	-775.55245174	-0.06489800	#8@NiNibrdg-2@NiPbrdg-3
10	-775.59738547	-0.06939137	#4@hol-6@NiPbrdg-2
10	-775.52126242	-0.06177906	#4@hol-6@NiPbrdg-3
10	-775.55072036	-0.06472486	#4@hol-6@NiPbrdg-4
10	-775.57583442	-0.06723626	#4@hol-6@NiPbrdg-5
10	-775.60789405	-0.07044223	#4@hol-6@NiPbrdg-6
10	-775.58873637	-0.06852646	#4@hol-6@NiPbrdg-7
10	-775.56621471	-0.06627429	#4@hol-6@NiPbrdg-8
10	-775.48524187	-0.05817701	#4@hol-6@NiPbrdg-9
11	-778.55242892	-0.03005620	#4@hol-7@NiPbrdg-1
11	-778.73656098	-0.04679548	#8@NiNibrdg-3@NiPbrdg-1
12	-781.59097239	-0.00423522	#4@hol-8@NiPbrdg-1
12	-781.75318855	-0.01775324	#8@NiNibrdg-4@NiPbrdg-1
13	-784.82546919	0.00253996	#8@NiNibrdg-5@NiPbrdg-1
13	-784.52115593	0.02594867	#12@NiNibrdg-1@NiPbrdg-1
13	-784.66421556	0.01494409	#4@hol-9@NiPbrdg-1
13	-784.66473745	0.01490394	#4@hol-9@NiPbrdg-2
13	-784.60565679	0.01944861	#4@hol-9@NiPbrdg-3
13	-784.60574400	0.01944190	#4@hol-9@NiPbrdg-4
14	-787.71878198	0.03271755	#8@NiNibrdg-6@NiPbrdg-1
14	-787.45260964	0.05172986	#12@NiNibrdg-2@NiPbrdg-1
15	-790.68284508	0.05415477	#8@NiNibrdg-7@NiPbrdg-1
15	-790.36036832	0.07565322	#12@NiNibrdg-3@NiPbrdg-1
16	-793.70082523	0.06954252	#8@NiNibrdg-8@NiPbrdg-1
17	-796.57978066	0.09129788	#8@NiNibrdg-9@NiPbrdg-1
18	-799.41176005	0.11324575	#8@NiNibrdg-10@NiPbrdg-1
19	-802.37221731	0.12612133	#8@NiNibrdg-11@NiPbrdg-1
20	-805.29403738	0.13964121	#8@NiNibrdg-12@NiPbrdg-1
