nH	Eads	Eadsavg	Remarks
1	-744.94994992	0.22107647	#1@NiPbrdg
1	-745.57236003	-0.40133365	#1@hol
1	-744.81120016	0.35982623	#1@Ptop
2	-749.40493818	-0.39148372	#2@hol
2	-748.55394296	0.03401389	#1@Nitop-1@hol
2	-748.71339453	-0.04571189	#1@NiPbrdg-1@hol
2	-748.63284222	-0.00543574	#1@Ptop-1@hol
2	-749.40471132	-0.39137029	#2@hol
2	-748.63242553	-0.00522740	#1@Ptop-1@hol
2	-748.55394296	0.03401389	#1@hol-1@Nitop
2	-748.71340174	-0.04571550	#1@NiPbrdg-1@hol
2	-748.69098927	-0.03450927	#2@NiNibrdg
2	-747.98999186	0.31598944	#1@NiPbrdg-1@Ptop
2	-748.63290722	-0.00546824	#1@hol-1@Ptop
2	-747.80426013	0.40885531	#2@Ptop
3	-753.21167529	-0.37958673	#3@hol
3	-752.49423579	-0.14044023	#1@hol-2@NiNibrdg
3	-751.71966531	0.11774993	#3@NiNibrdg
3	-751.91032679	0.05419610	#2@NiNibrdg-1@NiPbrdg
3	-752.62182724	-0.18297071	#2@hol-1@NiPbrdg
4	-756.98825251	-0.36609826	#4@hol
4	-756.35189227	-0.20700820	#3@hol-1@NiPbrdg
5	-759.98006969	-0.20105318	#4@hol-1@Ptop
5	-760.12811391	-0.23066202	#4@hol-1@NiPbrdg-1
5	-760.12830025	-0.23069929	#4@hol-1@NiPbrdg-2
5	-760.12808811	-0.23065686	#4@hol-1@NiPbrdg-3
5	-760.12736434	-0.23051210	#4@hol-1@NiPbrdg-4
5	-760.12123454	-0.22928615	#3@hol-2@NiNibrdg-1
5	-760.12127138	-0.22929351	#3@hol-2@NiNibrdg-2
5	-760.12118205	-0.22927565	#3@hol-2@NiNibrdg-3
6	-763.14721168	-0.12024392	#3@hol-2@NiNibrdg-1@Ptop-1
6	-763.14704822	-0.12021667	#3@hol-2@NiNibrdg-1@Ptop-2
6	-763.24940827	-0.13727668	#3@hol-2@NiNibrdg-1@NiPbrdg-1
6	-763.26774910	-0.14033349	#3@hol-2@NiNibrdg-1@NiPbrdg-2
6	-763.25151915	-0.13762850	#3@hol-2@NiNibrdg-1@NiPbrdg-3
6	-763.26803325	-0.14038085	#3@hol-2@NiNibrdg-1@NiPbrdg-4
6	-763.21260996	-0.13114363	#3@hol-2@NiNibrdg-1@NiPbrdg-5
6	-763.09788710	-0.11202316	#4@hol-1@Ptop-1@NiPbrdg
6	-763.14225948	-0.11941855	#3@hol-3@NiNibrdg
6	-763.21993742	-0.13236488	#4@hol-2@NiPbrdg-1
6	-763.24619657	-0.13674140	#4@hol-2@NiPbrdg-2
6	-763.23721376	-0.13524427	#4@hol-2@NiPbrdg-3
6	-763.27047195	-0.14078730	#4@hol-2@NiPbrdg-4
6	-763.25564869	-0.13831675	#4@hol-2@NiPbrdg-5
6	-763.23583334	-0.13501420	#2@hol-4@NiNibrdg
6	-763.11131604	-0.11426131	#4@hol-1@Ptop-1@NiPbrdg-1
6	-762.96803725	-0.09038151	#4@hol-1@Ptop-1@NiPbrdg-2
6	-762.96809653	-0.09039139	#4@hol-1@Ptop-1@NiPbrdg-3
6	-762.94253275	-0.08613076	#4@hol-1@Ptop-1@Ptop
7	-766.33612178	-0.06563275	#2@hol-4@NiNibrdg-1@NiPbrdg
7	-766.33761280	-0.06584575	#1@hol-6@NiNibrdg
7	-766.24760309	-0.05298722	#2@hol-5@NiNibrdg
7	-766.35365287	-0.06813719	#2@hol-4@NiNibrdg-1@NiPbrdg-1
7	-766.29776399	-0.06015307	#2@hol-4@NiNibrdg-1@NiPbrdg-2
7	-766.21338663	-0.04809916	#2@hol-4@NiNibrdg-1@NiPbrdg-3
7	-766.36050815	-0.06911652	#3@hol-2@NiNibrdg-2@NiPbrdg-1
7	-766.21650728	-0.04854497	#3@hol-2@NiNibrdg-2@NiPbrdg-2
7	-766.20439914	-0.04681523	#4@hol-3@NiPbrdg-1
7	-766.36584930	-0.06987954	#4@hol-3@NiPbrdg-2
7	-766.37808065	-0.07162687	#4@hol-3@NiPbrdg-3
8	-769.43182994	-0.01302413	#8@NiNibrdg
8	-769.34718802	-0.00244389	#7@NiNibrdg-1@hol
8	-769.20234863	0.01566103	#4@hol-4@NiPbrdg-1
8	-769.15218359	0.02193166	#4@hol-4@NiPbrdg-2
8	-769.48630273	-0.01983323	#4@hol-4@NiPbrdg-3
9	-772.44417178	0.03715661	#9@NiNibrdg
9	-772.45135416	0.03635856	#8@NiNibrdg-1@NiPbrdg-1
9	-772.43409568	0.03827617	#8@NiNibrdg-1@Ptop
9	-772.50758063	0.03011118	#4@hol-5@NiPbrdg-1
9	-772.50738797	0.03013259	#4@hol-5@NiPbrdg-2
9	-772.54906712	0.02550157	#4@hol-5@NiPbrdg-3
9	-772.43222811	0.03848368	#4@hol-5@NiPbrdg-4
9	-772.52075119	0.02864778	#4@hol-5@NiPbrdg-5
9	-772.51569374	0.02920972	#4@hol-5@NiPbrdg-6
9	-772.43241525	0.03846289	#4@hol-5@NiPbrdg-7
9	-772.50749890	0.03012026	#4@hol-5@NiPbrdg-8
9	-772.43251448	0.03845186	#4@hol-5@NiPbrdg-9
9	-772.54209871	0.02627584	#8@NiNibrdg-1@NiPbrdg-2
10	-775.46369449	0.07658311	#9@NiNibrdg-1@NiPbrdg
10	-775.64260380	0.05869218	#8@NiNibrdg-2@NiPbrdg-1
10	-775.47114634	0.07583793	#9@NiNibrdg-1@Ptop
10	-775.52448425	0.07050413	#4@hol-6@NiPbrdg-1
10	-775.61991315	0.06096124	#8@NiNibrdg-2@NiPbrdg-2
10	-775.55245174	0.06770739	#8@NiNibrdg-2@NiPbrdg-3
10	-775.59738547	0.06321401	#4@hol-6@NiPbrdg-2
10	-775.52126242	0.07082632	#4@hol-6@NiPbrdg-3
10	-775.55072036	0.06788052	#4@hol-6@NiPbrdg-4
10	-775.57583442	0.06536912	#4@hol-6@NiPbrdg-5
10	-775.60789405	0.06216315	#4@hol-6@NiPbrdg-6
10	-775.58873637	0.06407892	#4@hol-6@NiPbrdg-7
10	-775.56621471	0.06633109	#4@hol-6@NiPbrdg-8
10	-775.48524187	0.07442837	#4@hol-6@NiPbrdg-9
11	-778.55242892	0.10254918	#4@hol-7@NiPbrdg-1
11	-778.73656098	0.08580991	#8@NiNibrdg-3@NiPbrdg-1
12	-781.59097239	0.12837016	#4@hol-8@NiPbrdg-1
12	-781.75318855	0.11485215	#8@NiNibrdg-4@NiPbrdg-1
13	-784.82546919	0.13514534	#8@NiNibrdg-5@NiPbrdg-1
13	-784.52115593	0.15855406	#12@NiNibrdg-1@NiPbrdg-1
13	-784.66421556	0.14754947	#4@hol-9@NiPbrdg-1
13	-784.66473745	0.14750932	#4@hol-9@NiPbrdg-2
13	-784.60565679	0.15205399	#4@hol-9@NiPbrdg-3
13	-784.60574400	0.15204728	#4@hol-9@NiPbrdg-4
14	-787.71878198	0.16532293	#8@NiNibrdg-6@NiPbrdg-1
14	-787.45260964	0.18433524	#12@NiNibrdg-2@NiPbrdg-1
15	-790.68284508	0.18676015	#8@NiNibrdg-7@NiPbrdg-1
15	-790.36036832	0.20825860	#12@NiNibrdg-3@NiPbrdg-1
16	-793.70082523	0.20214791	#8@NiNibrdg-8@NiPbrdg-1
17	-796.57978066	0.22390326	#8@NiNibrdg-9@NiPbrdg-1
18	-799.41176005	0.24585113	#8@NiNibrdg-10@NiPbrdg-1
19	-802.37221731	0.25872671	#8@NiNibrdg-11@NiPbrdg-1
20	-805.29403738	0.27224659	#8@NiNibrdg-12@NiPbrdg-1
